0
532
616
1491
1630
1981
2036
1716
1665
796
658
-429
-601
-1490
-1630
-1982
-2037
-1717
-1666
-797
-659
428
600
1489
1629
1981
2036
1716
1665
796
658
-429
-601
-1490
-1630
-1982
-2037
-1717
-1666
-797
-659
428
600
1489
1629
1981
2036
1716
1665
796
658
-429
-601
-1490
-1630
-1982
-2037
-1717
-1666
-797
-659
428
600
1489
1629
1981
2036
1716
1665
796
658
-429
-601
-1490
-1630
-1982
-2037
-1717
-1666
-797
-659
428
600
1489
1629
1981
2036
1716
1665
796
658
-429
-601
-1490
-1630
-1982
-2037
-1717
-1666
-797
-659
428
600
1489
1629
1981
2036
1716
1665
796
658
-429
-601
-1490
-1630
-1982
-2037
-1717
-1666
-797
-659
428
600
1489
1629
1981
2036
1716
1665
796
658
-429
-601
-1490
-1630
-1982
-2037
-1717
-1666
-797
-659
428
600
1489
1629
1981
2036
1716
1665
796
658
-429
-601
-1490
-1630
-1982
-2037
-1717
-1666
-797
-659
428
600
1489
1629
1981
2036
1716
1665
796
658
-429
-601
-1490
-1630
-1982
-2037
-1717
-1666
-797
-659
428
600
1489
1629
1981
2036
1716
1665
796
658
-429
-601
-1490
-1630
-1982
-2037
-1717
-1666
-797
-659
