0
2179595
1416736750
344857705
480059452
-1966972575
-952860301
74661851
1216607619
-693459861
918294163
-1029725398
1720931833
187550912
1455745855
-120804356
-1099673124
-728996362
-677946400
-1902730726
2076158756
-1190518705
449653330
-227056659
-1325175328
-1038272987
477750871
828376543
751170983
-2114125905
-1970967049
740456366
-482338659
489111172
-400141021
-2000544000
-1279990016
-1790542278
1868488772
1466254238
-1885920568
105410323
-305997514
-1018182671
630118404
932006761
-710945162
-1836201167
-1982909815
1583896737
1453978164
-1263158002
547027197
-1467346460
1169175427
-1421418400
910369632
-1881305702
-1202398556
1325203710
1061567272
1764571763
-1547014250
1015807313
2134658148
-1874242871
-900822826
-512753519
-2058845463
-453698559
1904556505
-895592544
-1421159137
1079976982
819680325
-610472910
-1066984766
-989088500
-1974019418
-1240529392
-1946872374
-797606107
2046858968
1272284067
1084346950
-626410309
1488656541
-223839915
762489805
936822277
-1885520387
360765156
-2088796354
1575121768
46100962
-152304142
-68197758
-1316382004
360859563
-2027527934
-1607819631
204290281
-557414212
-978862425
379152559
1263928881
-41855805
-1388907093
548135379
-740246725
618390499
1901292282
1280894025
-1929144944
2109670031
-925776436
459455345
1828063736
996679223
-1697429010
-2121981032
1520991843
-716594101
-1207397005
-1910900074
1078456203
-154537816
-1505086477
-1837839082
1245523665
893184809
-145826960
-154597846
-1555464268
-184705394
378226174
648593646
24771224
-1109056553
1774619790
674827064
-121720061
-1684728666
1833464545
218257012
-78064295
882934059
1799260499
-505334085
-1542128797
-112029690
304993904
370365039
-156970010
1199966869
1382358274
-504704169
-1141202930
-1912036680
331561906
433130876
1931243879
-750995089
-2058801737
-421789958
1143279887
-1033639860
-811662665
1517616122
1387531989
-1432693427
-2107281228
-1828099885
-1031563414
524532468
1112097940
189999924
-1249810930
615815352
230023602
-1040718980
-1114572953
-1801161174
-716789115
-1333961091
1849699695
-2128686863
1467401801
-1133262564
-1045816825
-128107062
-1539285932
1728627059
886785290
-7674476
-692825036
1321058585
-1632149280
1586329370
-1266571228
-1668156477
