0
32
36
88
100
116
120
96
92
40
28
-36
-48
-100
-112
-128
-136
-112
-112
-56
-48
20
28
84
92
112
116
96
92
40
28
-36
-48
-100
-112
-128
-136
-112
-112
-56
-48
20
28
84
92
112
116
96
92
40
28
-36
-48
-100
-112
-128
-136
-112
-112
-56
-48
20
28
84
92
112
116
96
92
40
28
-36
-48
-100
-112
-128
-136
-112
-112
-56
-48
20
28
84
92
112
116
96
92
40
28
-36
-48
-100
-112
-128
-136
-112
-112
-56
-48
20
28
84
92
112
116
96
92
40
28
-36
-48
-100
-112
-128
-136
-112
-112
-56
-48
20
28
84
92
112
116
96
92
40
28
-36
-48
-100
-112
-128
-136
-112
-112
-56
-48
20
28
84
92
112
116
96
92
40
28
-36
-48
-100
-112
-128
-136
-112
-112
-56
-48
20
28
84
92
112
116
96
92
40
28
-36
-48
-100
-112
-128
-136
-112
-112
-56
-48
20
28
84
92
112
116
96
92
40
28
-36
-48
-100
-112
-128
-136
-112
-112
-56
-48
