0
32
32
84
84
104
104
84
84
32
32
-36
-40
-92
-92
-112
-112
-92
-92
-40
-40
28
32
84
84
104
104
84
84
32
32
-36
-40
-92
-92
-112
-112
-92
-92
-40
-40
28
32
84
84
104
104
84
84
32
32
-36
-40
-92
-92
-112
-112
-92
-92
-40
-40
28
32
84
84
104
104
84
84
32
32
-36
-40
-92
-92
-112
-112
-92
-92
-40
-40
28
32
84
84
104
104
84
84
32
32
-36
-40
-92
-92
-112
-112
-92
-92
-40
-40
28
32
84
84
104
104
84
84
32
32
-36
-40
-92
-92
-112
-112
-92
-92
-40
-40
28
32
84
84
104
104
84
84
32
32
-36
-40
-92
-92
-112
-112
-92
-92
-40
-40
28
32
84
84
104
104
84
84
32
32
-36
-40
-92
-92
-112
-112
-92
-92
-40
-40
28
32
84
84
104
104
84
84
32
32
-36
-40
-92
-92
-112
-112
-92
-92
-40
-40
28
32
84
84
104
104
84
84
32
32
-36
-40
-92
-92
-112
-112
-92
-92
-40
-40
