0
7
8
22
24
29
30
25
24
11
9
-7
-10
-24
-26
-31
-32
-27
-26
-13
-11
5
8
22
24
29
30
25
24
11
9
-7
-10
-24
-26
-31
-32
-27
-26
-13
-11
5
8
22
24
29
30
25
24
11
9
-7
-10
-24
-26
-31
-32
-27
-26
-13
-11
5
8
22
24
29
30
25
24
11
9
-7
-10
-24
-26
-31
-32
-27
-26
-13
-11
5
8
22
24
29
30
25
24
11
9
-7
-10
-24
-26
-31
-32
-27
-27
-14
-11
5
8
22
24
29
30
25
24
11
9
-7
-10
-24
-26
-31
-32
-27
-27
-14
-11
5
8
22
24
29
30
25
25
12
9
-7
-10
-24
-26
-31
-32
-27
-27
-14
-11
5
8
22
24
29
30
25
24
11
9
-7
-10
-24
-26
-31
-32
-27
-26
-13
-11
5
8
22
24
29
30
25
25
12
9
-7
-10
-24
-26
-31
-32
-27
-26
-13
-11
5
8
22
24
29
30
25
25
12
9
-7
-10
-24
-26
-31
-32
-27
-26
-13
-11
