0
512
512
1344
1344
1664
3072
1920
512
-576
-640
-1472
-3200
-1856
-1472
-1472
-640
-640
448
512
1344
1344
1664
1664
1344
1344
512
512
-576
-640
-1472
-1472
-1792
-1792
-1472
-1472
-640
-640
448
512
1344
1344
1664
1664
1344
1344
512
512
-576
-640
-1472
-1472
-1792
-1792
-1472
-1472
-640
-640
448
512
1344
1344
1664
1664
1344
1344
512
512
-576
-640
-1472
-1472
-1792
-1792
-1472
-1472
-640
-640
448
512
1344
1344
1664
1664
1344
1344
512
512
-576
-640
-1472
-1472
-1792
-1792
-1472
-1472
-640
-640
448
512
1344
1344
1664
1664
1344
1344
512
512
-576
-640
-1472
-1472
-1792
-1792
-1472
-1472
-640
-640
448
512
1344
1344
1664
1664
1344
1344
512
512
-576
-640
-1472
-1472
-1792
-1792
-1472
-1472
-640
-640
448
512
1344
1344
1664
1664
1344
1344
512
512
-576
-640
-1472
-1472
-1792
-1792
-1472
-1472
-640
-640
448
512
1344
1344
1664
1664
1344
1344
512
512
-576
-640
-1472
-1472
-1792
-1792
-1472
-1472
-640
-640
448
512
1344
1344
1664
1664
1344
1344
512
512
-576
-640
-1472
-1472
-1792
-1792
-1472
-1472
-640
-640
