0
512
576
1408
1600
1856
3328
2368
768
-512
-704
-1600
-3456
-2368
-1792
-1792
-896
-768
320
448
1344
1472
1792
1856
704
448
-576
-768
-1600
-1792
-2048
-2176
-1792
-1792
-896
-768
320
448
1344
1472
1792
1856
1536
1472
640
448
-576
-768
-1600
-1792
-2048
-2176
-1792
-1792
-896
-768
320
448
1344
1472
1792
1856
1536
1472
640
448
-576
-768
-1600
-1792
-2048
-2176
-1792
-1792
-896
-768
320
448
1344
1472
1792
1856
1536
1472
640
448
-576
-768
-1600
-1792
-2048
-2176
-1792
-1792
-896
-768
320
448
1344
1472
1792
1856
1536
1472
640
448
-576
-768
-1600
-1792
-2048
-2176
-1792
-1792
-896
-768
320
448
1344
1472
1792
1856
1536
1472
640
448
-576
-768
-1600
-1792
-2048
-2176
-1792
-1792
-896
-768
320
448
1344
1472
1792
1856
1536
1472
640
448
-576
-768
-1600
-1792
-2048
-2176
-1792
-1792
-896
-768
320
448
1344
1472
1792
1856
1536
1472
640
448
-576
-768
-1600
-1792
-2048
-2176
-1792
-1792
-896
-768
320
448
1344
1472
1792
1856
1536
1472
640
448
-576
-768
-1600
-1792
-2048
-2176
-1792
-1792
-896
-768
